op30no2_v1-0 0 143 253 366 485 602 721
op30no2_v1-1 0 112 223 338 459 581 690
op30no2_v2-0 0 159 279 401 530 657 790
op30no2_v2-1 0 132 255 383 517 651 776
op30no2_v3-0 0 139 287 434 559 686 820
op30no2_v3-1 0 145 278 410 543 678 818
op30no2_v4-0 0 146 282 408 538 664 842
op30no2_v4-1 0 108 217 327 397 495 592 721 839
op30no2_v5-0 0 172 317 463 608 771
op30no2_v5-1 0 163 307 454 603 770
op30no2_v6-0 0 118 227 341 413 503 605 769
op30no2_v6-1 0 125 231 332 433 545 661 765
op63no3_v1-0 0 151 266 382 501 618 727
op63no3_v1-1 0 110 226 340 457 581 714
op63no3_v2-0 0 153 271 390 512 631 766
op63no3_v2-1 0 141 264 381 495 625 767
op63no3_v3-0 0 174 299 426 551 678 821
op63no3_v3-1 0 142 271 402 533 674 823
op63no3_v4-0 0 172 301 431 560 691 836
op63no3_v4-1 0 173 303 432 564 705 854
op63no3_v5-0 0 103 203 305 398 501 600 787
op63no3_v5-1 0 116 227 337 441 543 659 785
op63no3_v6-0 0 137 279 420 560 771
op63no3_v6-1 0 130 259 384 508 636 772
op68no3_v1-0 0 115 232 344 456 566 725
op68no3_v1-1 0 122 237 352 468 584 696
op68no3_v2-0 0 126 247 365 482 597 779
op68no3_v2-1 0 149 271 394 517 640 764
op68no3_v3-0 0 123 259 395 536 673 816
op68no3_v3-1 0 174 334 494 655 817
op68no3_v4-0 0 118 235 366 499 613 724 839
op68no3_v4-1 0 139 279 413 552 687 831
op68no3_v5-0 0 122 230 339 449 557 668 766
op68no3_v5-1 0 70 181 287 391 498 611 774
op68no3_v6-0 0 161 282 402 522 642 769
op68no3_v6-1 0 134 259 384 508 633 768
